0101000001
0101000000
0101000001
0101000001
X0X0001010
1001000101
1001000101
1001000101
0111100001
1001000100
0101000000
X0X0001011
X0X0001010
1001000100
1001000100
1001000100
0111100000
1001000100
0101000000
X0X0001011
X0X0001010
1001000100
1001000100
1001000100
0111100000
1001000101
0101000000
X0X0001011
X0X0001010
1001000100
1001000100
1001000100
0111100000
1001000100
0101000000
X0X0001011
X0X0001010
1001000100
1001000100
1001000100
0111100000
1001000100
0101000000
X0X0001011
X0X0001011
X1X0010000
